0.000000000000000000e+00 2.103938843326849661e-01 4.207877686653699101e+00
1.000000000000000000e+00 3.392540862372545041e-01 6.785081724745090526e+00
2.000000000000000000e+00 3.113100745556957594e-01 6.226201491113915409e+00
3.000000000000000000e+00 3.007751528870247215e-01 6.015503057740494874e+00
4.000000000000000000e+00 3.132913178503602403e-01 6.265826357007204805e+00
5.000000000000000000e+00 2.781440034167653730e-01 5.562880068335307904e+00
6.000000000000000000e+00 2.993297426430975294e-01 5.986594852861950145e+00
7.000000000000000000e+00 2.920682537762641084e-01 5.841365075525281725e+00
8.000000000000000000e+00 2.880984772994091836e-01 5.761969545988184116e+00
9.000000000000000000e+00 2.794350802907023534e-01 5.588701605814047291e+00
1.000000000000000000e+01 3.224688412752659827e-01 6.449376825505320099e+00
1.100000000000000000e+01 3.456994758167724058e-01 6.913989516335448116e+00
1.200000000000000000e+01 3.175057177179159695e-01 6.350114354358319169e+00
1.300000000000000000e+01 3.501386041655024650e-01 7.002772083310049744e+00
1.400000000000000000e+01 3.583419728133468984e-01 7.166839456266937525e+00
1.500000000000000000e+01 3.779309763562656022e-01 7.558619527125312487e+00
1.600000000000000000e+01 3.783685963408437436e-01 7.567371926816874428e+00
1.700000000000000000e+01 3.455122154969454962e-01 6.910244309938909701e+00
1.800000000000000000e+01 3.163719508375909539e-01 6.327439016751819523e+00
1.900000000000000000e+01 3.316430339441392983e-01 6.632860678882785521e+00
2.000000000000000000e+01 3.223481167069990327e-01 6.446962334139980655e+00
2.100000000000000000e+01 3.388947848491755677e-01 6.777895696983511797e+00
2.200000000000000000e+01 3.678471483979923184e-01 7.356942967959846591e+00
2.300000000000000000e+01 3.485060281126222126e-01 6.970120562252444252e+00
2.400000000000000000e+01 3.662922411047832560e-01 7.325844822095665343e+00
2.500000000000000000e+01 4.179879889744519406e-01 8.359759779489039033e+00
2.600000000000000000e+01 4.383724242587674347e-01 8.767448485175348694e+00
2.700000000000000000e+01 3.912320127010737725e-01 7.824640254021475450e+00
2.800000000000000000e+01 3.988638727156851305e-01 7.977277454313702165e+00
2.900000000000000000e+01 3.752436987768369425e-01 7.504873975536738406e+00
3.000000000000000000e+01 3.872020840327595748e-01 7.744041680655191939e+00
3.100000000000000000e+01 4.327793749313180172e-01 8.655587498626360343e+00
3.200000000000000000e+01 3.875004459119711364e-01 7.750008918239422506e+00
3.300000000000000000e+01 3.792874536353379455e-01 7.585749072706758689e+00
3.400000000000000000e+01 4.186591169754813047e-01 8.373182339509625649e+00
3.500000000000000000e+01 3.928640278702855704e-01 7.857280557405711185e+00
3.600000000000000000e+01 4.118552449061738119e-01 8.237104898123476460e+00
3.700000000000000000e+01 3.316207452938977340e-01 6.632414905877954681e+00
3.800000000000000000e+01 3.836751760912706644e-01 7.673503521825413287e+00
3.900000000000000000e+01 4.053545859721691125e-01 8.107091719443381805e+00
4.000000000000000000e+01 3.703285574937482671e-01 7.406571149874965343e+00
4.100000000000000000e+01 4.179648769260632113e-01 8.359297538521264670e+00
4.200000000000000000e+01 4.112985278805096345e-01 8.225970557610192913e+00
4.300000000000000000e+01 3.898645636612880216e-01 7.797291273225760655e+00
4.400000000000000000e+01 3.894125658626664266e-01 7.788251317253328310e+00
4.500000000000000000e+01 4.210976533716207504e-01 8.421953067432415452e+00
4.600000000000000000e+01 3.785185693680465091e-01 7.570371387360930626e+00
4.700000000000000000e+01 4.127915272876773178e-01 8.255830545753546801e+00
4.800000000000000000e+01 3.955295644517586306e-01 7.910591289035172835e+00
4.900000000000000000e+01 4.513265293342700879e-01 9.026530586685401758e+00
5.000000000000000000e+01 4.569784325265221492e-01 9.139568650530442540e+00
5.100000000000000000e+01 4.700435697098275800e-01 9.400871394196551378e+00
5.200000000000000000e+01 4.463620660392774164e-01 8.927241320785547884e+00
5.300000000000000000e+01 4.129046285043308506e-01 8.258092570086617457e+00
5.400000000000000000e+01 4.957032106591152676e-01 9.914064213182305352e+00
5.500000000000000000e+01 4.715641951047679359e-01 9.431283902095358940e+00
5.600000000000000000e+01 5.106902617541821954e-01 1.021380523508364391e+01
5.700000000000000000e+01 4.474199325105852054e-01 8.948398650211704108e+00
5.800000000000000000e+01 4.912610700530878338e-01 9.825221401061757120e+00
5.900000000000000000e+01 4.758052582824053856e-01 9.516105165648108155e+00
6.000000000000000000e+01 3.972195143602963996e-01 7.944390287205927770e+00
6.100000000000000000e+01 4.786625646346941432e-01 9.573251292693882419e+00
6.200000000000000000e+01 4.377270887668352484e-01 8.754541775336704745e+00
6.300000000000000000e+01 4.455883155118600669e-01 8.911766310237201338e+00
6.400000000000000000e+01 3.937491961349319780e-01 7.874983922698639560e+00
6.500000000000000000e+01 4.221930512200400831e-01 8.443861024400801440e+00
6.600000000000000000e+01 4.522278309232321547e-01 9.044556618464643094e+00
6.700000000000000000e+01 4.346150983875790574e-01 8.692301967751580705e+00
6.800000000000000000e+01 4.579561569391733533e-01 9.159123138783467510e+00
6.900000000000000000e+01 4.233842188175503951e-01 8.467684376351007458e+00
7.000000000000000000e+01 4.486406265268970128e-01 8.972812530537940034e+00
7.100000000000000000e+01 4.644547086033121164e-01 9.289094172066242550e+00
7.200000000000000000e+01 4.369191120131035722e-01 8.738382240262071221e+00
7.300000000000000000e+01 4.518881478675517149e-01 9.037762957351034743e+00
7.400000000000000000e+01 4.244409266145309223e-01 8.488818532290618890e+00
7.500000000000000000e+01 4.574368086078127726e-01 9.148736172156255009e+00
7.600000000000000000e+01 4.409069035895493149e-01 8.818138071790986743e+00
7.700000000000000000e+01 4.897504489810969863e-01 9.795008979621940171e+00
7.800000000000000000e+01 4.654351727409082318e-01 9.308703454818164857e+00
7.900000000000000000e+01 4.698686839369308754e-01 9.397373678738617286e+00
8.000000000000000000e+01 4.469832701870354308e-01 8.939665403740708172e+00
8.100000000000000000e+01 4.118485347008735142e-01 8.236970694017470507e+00
8.200000000000000000e+01 4.495182221959735935e-01 8.990364443919471427e+00
8.300000000000000000e+01 4.334374534634234388e-01 8.668749069268468332e+00
8.400000000000000000e+01 4.681281178001873711e-01 9.362562356003747865e+00
8.500000000000000000e+01 4.482941583357930027e-01 8.965883166715860497e+00
8.600000000000000000e+01 4.078565306616185882e-01 8.157130613232371985e+00
8.700000000000000000e+01 4.979619332551837863e-01 9.959238665103676169e+00
8.800000000000000000e+01 4.547994123550261891e-01 9.095988247100523338e+00
8.900000000000000000e+01 4.142137387180006014e-01 8.284274774360012472e+00
9.000000000000000000e+01 4.784684842788853310e-01 9.569369685577706619e+00
9.100000000000000000e+01 4.605077158353074185e-01 9.210154316706148592e+00
9.200000000000000000e+01 4.214992888120741021e-01 8.429985776241482043e+00
9.300000000000000000e+01 4.506624082113141472e-01 9.013248164226283166e+00
9.400000000000000000e+01 4.532915579175232912e-01 9.065831158350466268e+00
9.500000000000000000e+01 4.295051419606779608e-01 8.590102839213558994e+00
9.600000000000000000e+01 4.529631896754590659e-01 9.059263793509181539e+00
9.700000000000000000e+01 4.226209169153115619e-01 8.452418338306230794e+00
9.800000000000000000e+01 4.823556847766486966e-01 9.647113695532974376e+00
9.900000000000000000e+01 3.983267828322931692e-01 7.966535656645863384e+00
1.000000000000000000e+02 4.588361102854661699e-01 9.176722205709323177e+00
1.010000000000000000e+02 4.016652984292187201e-01 8.033305968584373957e+00
1.020000000000000000e+02 4.375687660339716567e-01 8.751375320679432690e+00
1.030000000000000000e+02 4.816098926508211031e-01 9.632197853016421618e+00
1.040000000000000000e+02 4.041548238463473774e-01 8.083096476926947105e+00
1.050000000000000000e+02 4.721698417859873098e-01 9.443396835719745752e+00
1.060000000000000000e+02 4.384322700365211323e-01 8.768645400730422423e+00
1.070000000000000000e+02 4.579369817042047153e-01 9.158739634084094305e+00
1.080000000000000000e+02 5.002249833160344883e-01 1.000449966632069021e+01
1.090000000000000000e+02 5.126416760268460715e-01 1.025283352053692099e+01
1.100000000000000000e+02 5.152832743531592374e-01 1.030566548706318386e+01
1.110000000000000000e+02 5.119415719055553371e-01 1.023883143811110585e+01
1.120000000000000000e+02 5.233503049471177615e-01 1.046700609894235612e+01
1.130000000000000000e+02 5.076424061082803751e-01 1.015284812216560795e+01
1.140000000000000000e+02 5.149177440359318236e-01 1.029835488071863736e+01
1.150000000000000000e+02 4.880155122433548764e-01 9.760310244867097751e+00
1.160000000000000000e+02 5.242464995083868651e-01 1.048492999016773730e+01
1.170000000000000000e+02 5.340718402114290608e-01 1.068143680422858210e+01
1.180000000000000000e+02 5.413596512227206725e-01 1.082719302445441301e+01
1.190000000000000000e+02 5.190592060467820179e-01 1.038118412093564125e+01
1.200000000000000000e+02 4.764500093591125807e-01 9.529000187182251835e+00
1.210000000000000000e+02 4.776370226770607630e-01 9.552740453541215260e+00
1.220000000000000000e+02 5.264651933128592365e-01 1.052930386625718562e+01
1.230000000000000000e+02 5.063910669314386492e-01 1.012782133862877210e+01
1.240000000000000000e+02 4.952540295508389145e-01 9.905080591016778513e+00
1.250000000000000000e+02 4.957380902148524338e-01 9.914761804297048897e+00
1.260000000000000000e+02 5.252337991570652509e-01 1.050467598314130591e+01
1.270000000000000000e+02 5.482284679047404463e-01 1.096456935809480981e+01
1.280000000000000000e+02 5.305424086319389110e-01 1.061084817263877866e+01
1.290000000000000000e+02 5.723015804305686682e-01 1.144603160861137425e+01
1.300000000000000000e+02 5.339977159949638175e-01 1.067995431989927724e+01
1.310000000000000000e+02 5.515584508061569524e-01 1.103116901612313860e+01
1.320000000000000000e+02 5.803726954480251665e-01 1.160745390896050289e+01
1.330000000000000000e+02 5.526585288310953414e-01 1.105317057662190727e+01
1.340000000000000000e+02 5.286216472542311084e-01 1.057243294508462306e+01
1.350000000000000000e+02 5.823696354044659573e-01 1.164739270808931870e+01
1.360000000000000000e+02 6.000748573520634510e-01 1.200149714704126858e+01
1.370000000000000000e+02 5.419747678672708346e-01 1.083949535734541669e+01
1.380000000000000000e+02 5.486251066423075695e-01 1.097250213284615228e+01
1.390000000000000000e+02 5.222796228217578829e-01 1.044559245643515766e+01
1.400000000000000000e+02 5.327612066672230418e-01 1.065522413334446128e+01
1.410000000000000000e+02 5.796764753737111420e-01 1.159352950747422284e+01
1.420000000000000000e+02 5.763752396899876063e-01 1.152750479379975168e+01
1.430000000000000000e+02 5.518897307791608142e-01 1.103779461558321628e+01
1.440000000000000000e+02 5.261412655090280666e-01 1.052282531018056133e+01
1.450000000000000000e+02 5.197759107914082799e-01 1.039551821582816515e+01
1.460000000000000000e+02 5.391852512659872643e-01 1.078370502531974573e+01
1.470000000000000000e+02 5.536633119531351177e-01 1.107326623906270235e+01
1.480000000000000000e+02 5.406508130526326283e-01 1.081301626105265257e+01
1.490000000000000000e+02 5.549797079373236519e-01 1.109959415874647348e+01
1.500000000000000000e+02 5.549231190756405141e-01 1.109846238151281028e+01
1.510000000000000000e+02 5.564312585912036813e-01 1.112862517182407274e+01
1.520000000000000000e+02 6.012336261611317401e-01 1.202467252322263391e+01
1.530000000000000000e+02 5.932498398162173725e-01 1.186499679632434834e+01
1.540000000000000000e+02 6.327444409175535522e-01 1.265488881835107193e+01
1.550000000000000000e+02 6.011463875201423779e-01 1.202292775040284667e+01
1.560000000000000000e+02 6.344752725207761790e-01 1.268950545041552402e+01
1.570000000000000000e+02 5.661565552426923720e-01 1.132313110485384655e+01
1.580000000000000000e+02 6.360246275351856271e-01 1.272049255070371210e+01
1.590000000000000000e+02 6.099234764675253162e-01 1.219846952935050588e+01
1.600000000000000000e+02 5.823765317338822634e-01 1.164753063467764527e+01
1.610000000000000000e+02 6.342200228554224495e-01 1.268440045710844899e+01
1.620000000000000000e+02 5.664741612097429213e-01 1.132948322419485798e+01
1.630000000000000000e+02 5.764823961298919386e-01 1.152964792259783877e+01
1.640000000000000000e+02 5.831583767208036173e-01 1.166316753441607190e+01
1.650000000000000000e+02 5.912187757530376064e-01 1.182437551506075124e+01
1.660000000000000000e+02 6.217951855613961243e-01 1.243590371122792249e+01
1.670000000000000000e+02 6.640428475398525432e-01 1.328085695079705175e+01
1.680000000000000000e+02 7.425433862360124593e-01 1.485086772472024919e+01
1.690000000000000000e+02 6.946398749356712532e-01 1.389279749871342418e+01
1.700000000000000000e+02 7.369994609680146080e-01 1.473998921936029305e+01
1.710000000000000000e+02 6.888013865630189247e-01 1.377602773126037761e+01
1.720000000000000000e+02 7.071174418193933997e-01 1.414234883638786755e+01
1.730000000000000000e+02 7.361966003186697360e-01 1.472393200637339561e+01
1.740000000000000000e+02 7.184135582657109609e-01 1.436827116531421922e+01
1.750000000000000000e+02 7.070649213400583832e-01 1.414129842680116766e+01
1.760000000000000000e+02 6.952830345893179498e-01 1.390566069178635900e+01
1.770000000000000000e+02 6.943214448162237096e-01 1.388642889632447464e+01
1.780000000000000000e+02 6.814965116575073534e-01 1.362993023315014796e+01
1.790000000000000000e+02 6.830422399377242826e-01 1.366084479875448565e+01
1.800000000000000000e+02 6.486854965777695270e-01 1.297370993155539054e+01
1.810000000000000000e+02 6.811418003090731199e-01 1.362283600618146195e+01
1.820000000000000000e+02 7.497687789478006959e-01 1.499537557895601481e+01
1.830000000000000000e+02 7.120613398907712499e-01 1.424122679781542544e+01
1.840000000000000000e+02 6.874470923555998647e-01 1.374894184711199685e+01
1.850000000000000000e+02 6.819317711395687098e-01 1.363863542279137420e+01
1.860000000000000000e+02 7.166513645117909004e-01 1.433302729023581890e+01
1.870000000000000000e+02 6.634510851065125170e-01 1.326902170213024945e+01
1.880000000000000000e+02 7.200976670205442298e-01 1.440195334041088415e+01
1.890000000000000000e+02 7.363521534141759251e-01 1.472704306828351761e+01
1.900000000000000000e+02 6.878978880617222513e-01 1.375795776123444547e+01
1.910000000000000000e+02 6.907591887947269749e-01 1.381518377589453905e+01
1.920000000000000000e+02 7.342755339046055374e-01 1.468551067809211119e+01
1.930000000000000000e+02 6.726550014426739832e-01 1.345310002885348055e+01
1.940000000000000000e+02 7.065817769288426087e-01 1.413163553857685173e+01
1.950000000000000000e+02 6.809769837415016180e-01 1.361953967483003147e+01
1.960000000000000000e+02 7.543512501935509817e-01 1.508702500387101963e+01
1.970000000000000000e+02 7.568209075778875583e-01 1.513641815155775028e+01
1.980000000000000000e+02 7.662833525878047780e-01 1.532566705175609556e+01
1.990000000000000000e+02 7.762607291714699320e-01 1.552521458342939908e+01
2.000000000000000000e+02 7.772005852892462929e-01 1.554401170578492497e+01
2.010000000000000000e+02 7.016242221789006361e-01 1.403248444357801183e+01
2.020000000000000000e+02 7.779365099612388645e-01 1.555873019922477773e+01
2.030000000000000000e+02 7.371049956365325340e-01 1.474209991273064979e+01
2.040000000000000000e+02 7.509672178284109156e-01 1.501934435656821876e+01
2.050000000000000000e+02 7.914771799640911709e-01 1.582954359928182342e+01
2.060000000000000000e+02 8.458699510988552106e-01 1.691739902197710421e+01
2.070000000000000000e+02 7.781665919890754513e-01 1.556333183978150814e+01
2.080000000000000000e+02 7.997755344046246773e-01 1.599551068809249266e+01
2.090000000000000000e+02 8.402715835845009362e-01 1.680543167169001961e+01
2.100000000000000000e+02 8.163789263969294385e-01 1.632757852793858788e+01
2.110000000000000000e+02 8.528941232195293987e-01 1.705788246439058753e+01
2.120000000000000000e+02 8.519334662139899095e-01 1.703866932427979819e+01
2.130000000000000000e+02 8.716089774952596736e-01 1.743217954990519303e+01
2.140000000000000000e+02 8.962533187325245621e-01 1.792506637465049124e+01
2.150000000000000000e+02 9.281051549148158220e-01 1.856210309829631555e+01
2.160000000000000000e+02 8.988811009249115802e-01 1.797762201849823072e+01
2.170000000000000000e+02 9.376165730050221025e-01 1.875233146010044294e+01
2.180000000000000000e+02 9.570546816927398837e-01 1.914109363385479767e+01
2.190000000000000000e+02 9.174527973090841337e-01 1.834905594618168223e+01
2.200000000000000000e+02 8.724895220117039329e-01 1.744979044023407866e+01
2.210000000000000000e+02 9.272482534123647202e-01 1.854496506824729352e+01
2.220000000000000000e+02 8.829599871087886465e-01 1.765919974217577249e+01
2.230000000000000000e+02 8.593172816934341318e-01 1.718634563386868308e+01
2.240000000000000000e+02 9.230042315691227017e-01 1.846008463138245403e+01
2.250000000000000000e+02 9.138480292823667472e-01 1.827696058564733406e+01
2.260000000000000000e+02 9.129960190821908572e-01 1.825992038164381626e+01
2.270000000000000000e+02 8.669773141612797662e-01 1.733954628322559444e+01
2.280000000000000000e+02 9.254130112859000334e-01 1.850826022571800067e+01
2.290000000000000000e+02 9.305477718613147653e-01 1.861095543722629486e+01
2.300000000000000000e+02 9.246009980719763766e-01 1.849201996143952798e+01
2.310000000000000000e+02 9.022977534623299878e-01 1.804595506924659887e+01
2.320000000000000000e+02 9.391991076134977856e-01 1.878398215226995660e+01
2.330000000000000000e+02 9.028744533308270537e-01 1.805748906661654019e+01
2.340000000000000000e+02 8.969693255362303219e-01 1.793938651072460644e+01
2.350000000000000000e+02 9.123180916148273534e-01 1.824636183229654662e+01
2.360000000000000000e+02 9.082720777548271007e-01 1.816544155509654246e+01
2.370000000000000000e+02 8.899378576937346796e-01 1.779875715387469270e+01
2.380000000000000000e+02 9.023064606003045052e-01 1.804612921200608966e+01
2.390000000000000000e+02 9.117756442230051661e-01 1.823551288446010332e+01
2.400000000000000000e+02 8.745279271866671644e-01 1.749055854373334284e+01
2.410000000000000000e+02 8.720080816026080095e-01 1.744016163205215975e+01
2.420000000000000000e+02 9.067556378467980238e-01 1.813511275693596048e+01
2.430000000000000000e+02 9.074343296773683676e-01 1.814868659354736735e+01
2.440000000000000000e+02 8.599146051284014547e-01 1.719829210256802909e+01
2.450000000000000000e+02 9.404436862748459802e-01 1.880887372549691960e+01
2.460000000000000000e+02 8.580810474981490632e-01 1.716162094996298038e+01
2.470000000000000000e+02 9.133044673140808811e-01 1.826608934628161762e+01
2.480000000000000000e+02 9.023880057763257190e-01 1.804776011552651482e+01
2.490000000000000000e+02 8.906847561191950646e-01 1.781369512238390129e+01
2.500000000000000000e+02 8.908662584009284791e-01 1.781732516801857003e+01
2.510000000000000000e+02 9.102182389243991256e-01 1.820436477848798162e+01
2.520000000000000000e+02 8.711515044862897517e-01 1.742303008972579548e+01
2.530000000000000000e+02 9.044065578131148531e-01 1.808813115626229617e+01
2.540000000000000000e+02 9.187092933099941794e-01 1.837418586619988403e+01
2.550000000000000000e+02 9.271032191947423673e-01 1.854206438389484646e+01
2.560000000000000000e+02 9.091978180496600448e-01 1.818395636099320001e+01
2.570000000000000000e+02 9.166719343155618205e-01 1.833343868631123641e+01
2.580000000000000000e+02 8.989560028718575069e-01 1.797912005743715014e+01
2.590000000000000000e+02 8.792044588014309436e-01 1.758408917602861976e+01
2.600000000000000000e+02 9.172743564808685246e-01 1.834548712961737138e+01
2.610000000000000000e+02 9.100404497035462503e-01 1.820080899407092545e+01
2.620000000000000000e+02 8.980003847298160258e-01 1.796000769459632096e+01
2.630000000000000000e+02 9.240445748685711669e-01 1.848089149737142378e+01
2.640000000000000000e+02 9.347112743536308832e-01 1.869422548707261811e+01
2.650000000000000000e+02 8.400047938535240011e-01 1.680009587707047913e+01
2.660000000000000000e+02 8.923136857171718450e-01 1.784627371434343601e+01
2.670000000000000000e+02 8.620125112773593390e-01 1.724025022554718589e+01
2.680000000000000000e+02 9.361445597065619628e-01 1.872289119413123970e+01
2.690000000000000000e+02 8.477591009291099988e-01 1.695518201858219953e+01
2.700000000000000000e+02 8.693792387373958652e-01 1.738758477474791775e+01
2.710000000000000000e+02 9.146049682900813105e-01 1.829209936580162577e+01
2.720000000000000000e+02 9.111785640021869970e-01 1.822357128004373905e+01
2.730000000000000000e+02 9.715843579085345905e-01 1.943168715817069270e+01
2.740000000000000000e+02 9.111792964876123113e-01 1.822358592975224667e+01
2.750000000000000000e+02 8.666693087198626966e-01 1.733338617439725482e+01
2.760000000000000000e+02 9.113428245189461041e-01 1.822685649037892119e+01
2.770000000000000000e+02 9.023704975987827392e-01 1.804740995197565567e+01
2.780000000000000000e+02 8.714864581499931484e-01 1.742972916299986252e+01
2.790000000000000000e+02 9.088552746587270637e-01 1.817710549317454038e+01
2.800000000000000000e+02 8.594265338904822915e-01 1.718853067780964494e+01
2.810000000000000000e+02 9.055084653680101070e-01 1.811016930736020214e+01
2.820000000000000000e+02 9.118578082333623769e-01 1.823715616466724754e+01
2.830000000000000000e+02 8.797289740905457345e-01 1.759457948181091425e+01
2.840000000000000000e+02 9.702709788531459489e-01 1.940541957706291853e+01
2.850000000000000000e+02 9.861161430208593703e-01 1.972232286041718652e+01
2.860000000000000000e+02 9.920353074651100389e-01 1.984070614930219989e+01
2.870000000000000000e+02 1.055365401193490982e+00 2.110730802386981964e+01
2.880000000000000000e+02 9.661452378211979886e-01 1.932290475642395933e+01
2.890000000000000000e+02 1.035953581566662063e+00 2.071907163133323948e+01
2.900000000000000000e+02 1.008612232374767936e+00 2.017224464749535784e+01
2.910000000000000000e+02 9.810040154560667469e-01 1.962008030912133449e+01
2.920000000000000000e+02 9.799996747773409567e-01 1.959999349554681913e+01
2.930000000000000000e+02 9.378363644475706806e-01 1.875672728895141361e+01
2.940000000000000000e+02 1.028990830730033057e+00 2.057981661460066292e+01
2.950000000000000000e+02 9.605799916967088237e-01 1.921159983393417647e+01
2.960000000000000000e+02 1.008113659350094116e+00 2.016227318700188320e+01
2.970000000000000000e+02 1.056800571224514318e+00 2.113601142449028458e+01
2.980000000000000000e+02 1.020183082262753782e+00 2.040366164525507742e+01
2.990000000000000000e+02 1.008479557508395574e+00 2.016959115016791060e+01
3.000000000000000000e+02 9.941269655086347745e-01 1.988253931017269593e+01
3.010000000000000000e+02 9.769084837902239915e-01 1.953816967580447894e+01
3.020000000000000000e+02 9.975614524283493711e-01 1.995122904856698653e+01
3.030000000000000000e+02 1.013442899390557983e+00 2.026885798781115966e+01
3.040000000000000000e+02 1.044974399290452993e+00 2.089948798580905986e+01
3.050000000000000000e+02 1.001971445229673074e+00 2.003942890459346060e+01
3.060000000000000000e+02 9.913343082132863859e-01 1.982668616426572683e+01
3.070000000000000000e+02 1.026906104156725563e+00 2.053812208313451038e+01
3.080000000000000000e+02 1.055764508458485906e+00 2.111529016916971813e+01
3.090000000000000000e+02 9.786502135801111724e-01 1.957300427160222256e+01
3.100000000000000000e+02 9.986671308042138762e-01 1.997334261608427752e+01
3.110000000000000000e+02 9.594612390740090424e-01 1.918922478148018129e+01
3.120000000000000000e+02 9.972441221034362702e-01 1.994488244206872452e+01
3.130000000000000000e+02 9.842872572432872502e-01 1.968574514486574500e+01
3.140000000000000000e+02 9.743615584943731145e-01 1.948723116988746185e+01
3.150000000000000000e+02 9.819957083908606998e-01 1.963991416781721355e+01
3.160000000000000000e+02 1.018258937465456260e+00 2.036517874930912342e+01
3.170000000000000000e+02 9.976316653321282146e-01 1.995263330664256429e+01
3.180000000000000000e+02 1.024050039975209048e+00 2.048100079950418007e+01
3.190000000000000000e+02 1.035421257860763333e+00 2.070842515721526667e+01
3.200000000000000000e+02 9.798729655031408470e-01 1.959745931006281694e+01
3.210000000000000000e+02 9.687276423660542424e-01 1.937455284732108396e+01
3.220000000000000000e+02 9.585718763453607849e-01 1.917143752690721570e+01
3.230000000000000000e+02 1.028492306069369588e+00 2.056984612138739266e+01
3.240000000000000000e+02 9.848116363630021741e-01 1.969623272726004259e+01
3.250000000000000000e+02 1.001149795283269972e+00 2.002299590566540033e+01
3.260000000000000000e+02 9.662997625114921885e-01 1.932599525022984466e+01
3.270000000000000000e+02 9.665136371954531347e-01 1.933027274390906314e+01
3.280000000000000000e+02 1.044913491834981611e+00 2.089826983669963312e+01
3.290000000000000000e+02 9.855892417483435031e-01 1.971178483496687051e+01
3.300000000000000000e+02 9.754894475408466548e-01 1.950978895081693310e+01
3.310000000000000000e+02 9.892595302857756234e-01 1.978519060571551336e+01
3.320000000000000000e+02 9.672705585426994990e-01 1.934541117085398909e+01
3.330000000000000000e+02 1.007044918819259838e+00 2.014089837638519498e+01
3.340000000000000000e+02 1.018944581671088923e+00 2.037889163342177667e+01
3.350000000000000000e+02 1.034086017984370720e+00 2.068172035968741440e+01
3.360000000000000000e+02 1.002276967577841571e+00 2.004553935155683320e+01
3.370000000000000000e+02 9.693109901800495143e-01 1.938621980360099073e+01
3.380000000000000000e+02 9.947139983992853152e-01 1.989427996798570675e+01
3.390000000000000000e+02 1.033520386627980736e+00 2.067040773255961383e+01
3.400000000000000000e+02 1.003495351102828836e+00 2.006990702205657584e+01
3.410000000000000000e+02 1.051140122549791389e+00 2.102280245099582601e+01
3.420000000000000000e+02 9.838141860403798455e-01 1.967628372080759647e+01
3.430000000000000000e+02 1.045768571259921620e+00 2.091537142519843329e+01
3.440000000000000000e+02 9.840295328980530609e-01 1.968059065796106211e+01
3.450000000000000000e+02 1.012407645665357236e+00 2.024815291330714473e+01
3.460000000000000000e+02 9.861019702281292876e-01 1.972203940456258664e+01
3.470000000000000000e+02 1.034286865017019608e+00 2.068573730034039215e+01
3.480000000000000000e+02 1.016989213684761584e+00 2.033978427369522990e+01
3.490000000000000000e+02 1.042531291930142601e+00 2.085062583860285201e+01
3.500000000000000000e+02 9.811410049221672702e-01 1.962282009844334496e+01
3.510000000000000000e+02 1.019273929610998053e+00 2.038547859221996106e+01
3.520000000000000000e+02 9.678845252216012884e-01 1.935769050443202488e+01
3.530000000000000000e+02 1.018554913675737916e+00 2.037109827351475744e+01
3.540000000000000000e+02 9.984400078708810522e-01 1.996880015741762193e+01
3.550000000000000000e+02 9.705758039944157867e-01 1.941151607988831529e+01
3.560000000000000000e+02 1.018194349733964499e+00 2.036388699467929086e+01
3.570000000000000000e+02 9.939284100087210083e-01 1.987856820017442061e+01
3.580000000000000000e+02 1.001056608430263006e+00 2.002113216860525924e+01
3.590000000000000000e+02 1.006408847441444987e+00 2.012817694882889796e+01
3.600000000000000000e+02 9.950290522262982273e-01 1.990058104452596410e+01
3.610000000000000000e+02 1.029486318287980984e+00 2.058972636575962056e+01
3.620000000000000000e+02 9.707763225165433330e-01 1.941552645033086577e+01
3.630000000000000000e+02 9.849988548573781477e-01 1.969997709714756340e+01
3.640000000000000000e+02 9.751859304083098090e-01 1.950371860816619574e+01
3.650000000000000000e+02 1.010091529073384731e+00 2.020183058146769639e+01
3.660000000000000000e+02 9.887049284321116627e-01 1.977409856864223414e+01
3.670000000000000000e+02 9.906499952649776564e-01 1.981299990529955224e+01
3.680000000000000000e+02 1.014844169938918794e+00 2.029688339877837677e+01
3.690000000000000000e+02 1.028150151689813718e+00 2.056300303379627437e+01
3.700000000000000000e+02 9.953026520964251000e-01 1.990605304192850156e+01
3.710000000000000000e+02 1.019655905272272012e+00 2.039311810544543846e+01
3.720000000000000000e+02 9.689573893330425403e-01 1.937914778666085169e+01
3.730000000000000000e+02 9.820441899048120149e-01 1.964088379809624030e+01
3.740000000000000000e+02 9.556641224894868447e-01 1.911328244978973601e+01
3.750000000000000000e+02 1.006481892031438452e+00 2.012963784062877082e+01
3.760000000000000000e+02 9.289839358759428567e-01 1.857967871751885625e+01
3.770000000000000000e+02 1.011225950311203992e+00 2.022451900622407805e+01
3.780000000000000000e+02 9.756281205747263652e-01 1.951256241149452819e+01
3.790000000000000000e+02 9.742563173609586347e-01 1.948512634721917181e+01
3.800000000000000000e+02 9.797090950878720728e-01 1.959418190175744101e+01
3.810000000000000000e+02 9.749288690915109967e-01 1.949857738183021993e+01
3.820000000000000000e+02 1.007206462281143189e+00 2.014412924562286378e+01
3.830000000000000000e+02 1.000097573618746738e+00 2.000195147237493387e+01
3.840000000000000000e+02 1.037426083657808418e+00 2.074852167315616924e+01
3.850000000000000000e+02 9.960191050479535457e-01 1.992038210095907047e+01
3.860000000000000000e+02 1.016534742815764059e+00 2.033069485631527940e+01
3.870000000000000000e+02 1.020109880830392557e+00 2.040219761660785025e+01
3.880000000000000000e+02 1.059728549912967388e+00 2.119457099825934776e+01
3.890000000000000000e+02 1.006170724943406203e+00 2.012341449886812583e+01
3.900000000000000000e+02 9.982866542385157027e-01 1.996573308477031361e+01
3.910000000000000000e+02 1.038069887211242381e+00 2.076139774422484763e+01
3.920000000000000000e+02 1.012714375657286059e+00 2.025428751314572295e+01
3.930000000000000000e+02 1.003427145856906622e+00 2.006854291713813154e+01
3.940000000000000000e+02 9.803022175538792515e-01 1.960604435107758547e+01
3.950000000000000000e+02 9.957944020450149036e-01 1.991588804090029896e+01
3.960000000000000000e+02 1.019314158736646991e+00 2.038628317473293805e+01
3.970000000000000000e+02 9.966549738927327207e-01 1.993309947785465397e+01
3.980000000000000000e+02 9.593925099714194493e-01 1.918785019942838943e+01
3.990000000000000000e+02 1.003205279266330407e+00 2.006410558532660815e+01
4.000000000000000000e+02 9.734231639127891578e-01 1.946846327825578271e+01
4.010000000000000000e+02 9.628340757334342692e-01 1.925668151466868494e+01
4.020000000000000000e+02 9.793772045225948020e-01 1.958754409045189604e+01
4.030000000000000000e+02 1.061531109707015919e+00 2.123062219414031659e+01
4.040000000000000000e+02 1.023027244310898753e+00 2.046054488621797418e+01
4.050000000000000000e+02 1.041421705592226798e+00 2.082843411184453686e+01
4.060000000000000000e+02 9.877117758237716760e-01 1.975423551647543263e+01
4.070000000000000000e+02 9.615853131674658716e-01 1.923170626334931654e+01
4.080000000000000000e+02 1.031689842255359979e+00 2.063379684510719869e+01
4.090000000000000000e+02 9.640171522609047861e-01 1.928034304521809617e+01
4.100000000000000000e+02 9.908187720278990307e-01 1.981637544055798017e+01
4.110000000000000000e+02 9.882539313749495458e-01 1.976507862749899047e+01
4.120000000000000000e+02 1.009809775766395967e+00 2.019619551532791846e+01
4.130000000000000000e+02 1.011633650516414740e+00 2.023267301032829479e+01
4.140000000000000000e+02 9.753531230343608360e-01 1.950706246068721583e+01
4.150000000000000000e+02 9.938954432586373233e-01 1.987790886517274558e+01
4.160000000000000000e+02 9.734626009214517595e-01 1.946925201842903519e+01
4.170000000000000000e+02 1.003259135601696217e+00 2.006518271203392345e+01
4.180000000000000000e+02 9.576089420339484182e-01 1.915217884067896748e+01
4.190000000000000000e+02 1.009145059972397673e+00 2.018290119944795435e+01
4.200000000000000000e+02 1.020782709156174750e+00 2.041565418312349323e+01
4.210000000000000000e+02 1.022159495397860995e+00 2.044318990795721902e+01
4.220000000000000000e+02 1.026156776619541411e+00 2.052313553239082822e+01
4.230000000000000000e+02 9.773926207210100747e-01 1.954785241442020194e+01
4.240000000000000000e+02 9.905619842799229247e-01 1.981123968559845849e+01
4.250000000000000000e+02 1.002882974408104033e+00 2.005765948816208066e+01
4.260000000000000000e+02 1.004698928639226718e+00 2.009397857278453259e+01
4.270000000000000000e+02 9.823390005147512039e-01 1.964678001029502497e+01
4.280000000000000000e+02 1.019102109740993800e+00 2.038204219481987778e+01
4.290000000000000000e+02 9.778072028569024798e-01 1.955614405713804871e+01
4.300000000000000000e+02 1.051799051735597290e+00 2.103598103471194491e+01
4.310000000000000000e+02 1.024772705074757706e+00 2.049545410149515234e+01
4.320000000000000000e+02 1.002338967450090212e+00 2.004677934900180247e+01
4.330000000000000000e+02 1.002650818491117590e+00 2.005301636982235181e+01
4.340000000000000000e+02 9.591166307141303360e-01 1.918233261428260761e+01
4.350000000000000000e+02 1.003932299203188938e+00 2.007864598406377965e+01
4.360000000000000000e+02 1.024795986880310039e+00 2.049591973760620078e+01
4.370000000000000000e+02 1.001717865232748750e+00 2.003435730465497500e+01
4.380000000000000000e+02 1.004244696129271031e+00 2.008489392258542239e+01
4.390000000000000000e+02 9.690612629543491341e-01 1.938122525908698179e+01
4.400000000000000000e+02 9.928232221696930981e-01 1.985646444339386107e+01
4.410000000000000000e+02 9.701306860674939747e-01 1.940261372134987994e+01
4.420000000000000000e+02 9.587626309826170479e-01 1.917525261965234051e+01
4.430000000000000000e+02 1.017148030579319018e+00 2.034296061158638125e+01
4.440000000000000000e+02 9.771503593422391498e-01 1.954300718684478255e+01
4.450000000000000000e+02 9.794781178313914927e-01 1.958956235662783030e+01
4.460000000000000000e+02 1.042570819532882442e+00 2.085141639065765062e+01
4.470000000000000000e+02 9.523163790752722235e-01 1.904632758150544447e+01
4.480000000000000000e+02 1.048961505654916415e+00 2.097923011309832830e+01
4.490000000000000000e+02 9.788660655765660801e-01 1.957732131153132116e+01
4.500000000000000000e+02 1.023564715221868759e+00 2.047129430443737519e+01
4.510000000000000000e+02 1.025161830438694022e+00 2.050323660877388221e+01
4.520000000000000000e+02 1.055464929584952971e+00 2.110929859169905853e+01
4.530000000000000000e+02 1.009595668728149098e+00 2.019191337456298285e+01
4.540000000000000000e+02 1.061766968080018358e+00 2.123533936160036717e+01
4.550000000000000000e+02 1.111755985203652930e+00 2.223511970407305682e+01
4.560000000000000000e+02 1.070791120974957655e+00 2.141582241949915399e+01
4.570000000000000000e+02 1.099658196201047433e+00 2.199316392402094777e+01
4.580000000000000000e+02 1.047866445533788049e+00 2.095732891067575920e+01
4.590000000000000000e+02 1.019742989085741680e+00 2.039485978171483538e+01
4.600000000000000000e+02 1.062883149349463929e+00 2.125766298698927770e+01
4.610000000000000000e+02 1.053380388350807717e+00 2.106760776701615612e+01
4.620000000000000000e+02 1.035682542308967724e+00 2.071365084617935537e+01
4.630000000000000000e+02 1.116501271914600801e+00 2.233002543829201514e+01
4.640000000000000000e+02 1.049680540483747038e+00 2.099361080967494075e+01
4.650000000000000000e+02 1.015718188873356187e+00 2.031436377746712196e+01
4.660000000000000000e+02 1.073623438037540678e+00 2.147246876075081445e+01
4.670000000000000000e+02 1.009738244777651950e+00 2.019476489555303900e+01
4.680000000000000000e+02 1.091148383630143881e+00 2.182296767260287851e+01
4.690000000000000000e+02 1.058338342115501263e+00 2.116676684231002525e+01
4.700000000000000000e+02 1.109125609732648066e+00 2.218251219465296131e+01
4.710000000000000000e+02 1.084159260413208203e+00 2.168318520826416318e+01
4.720000000000000000e+02 1.142274210242022026e+00 2.284548420484043874e+01
4.730000000000000000e+02 1.153561034550211861e+00 2.307122069100423545e+01
4.740000000000000000e+02 1.153825503971599442e+00 2.307651007943198707e+01
4.750000000000000000e+02 1.131666805650574092e+00 2.263333611301148096e+01
4.760000000000000000e+02 1.165624339030952639e+00 2.331248678061905366e+01
4.770000000000000000e+02 1.176039776161221129e+00 2.352079552322442169e+01
4.780000000000000000e+02 1.142473551042535007e+00 2.284947102085070014e+01
4.790000000000000000e+02 1.184378568326795556e+00 2.368757136653591289e+01
4.800000000000000000e+02 1.165937595466245202e+00 2.331875190932490582e+01
4.810000000000000000e+02 1.123340699226522910e+00 2.246681398453045730e+01
4.820000000000000000e+02 1.136374672023377386e+00 2.272749344046754771e+01
4.830000000000000000e+02 1.105748048458757626e+00 2.211496096917515430e+01
4.840000000000000000e+02 1.130764726379358542e+00 2.261529452758717085e+01
4.850000000000000000e+02 1.153771960517926409e+00 2.307543921035852819e+01
4.860000000000000000e+02 1.162947075056635082e+00 2.325894150113270342e+01
4.870000000000000000e+02 1.123881925362862244e+00 2.247763850725724666e+01
4.880000000000000000e+02 1.130333126090620421e+00 2.260666252181240665e+01
4.890000000000000000e+02 1.156679732092504187e+00 2.313359464185008463e+01
4.900000000000000000e+02 1.134749923382974313e+00 2.269499846765948448e+01
4.910000000000000000e+02 1.153672055194846946e+00 2.307344110389693981e+01
4.920000000000000000e+02 1.118315889874942126e+00 2.236631779749884430e+01
4.930000000000000000e+02 1.131080668326629013e+00 2.262161336653258203e+01
4.940000000000000000e+02 1.150292318954046378e+00 2.300584637908092844e+01
4.950000000000000000e+02 1.132553639718787863e+00 2.265107279437575727e+01
4.960000000000000000e+02 1.185293486808319363e+00 2.370586973616638815e+01
4.970000000000000000e+02 1.163771444815802525e+00 2.327542889631605050e+01
4.980000000000000000e+02 1.150051521162829271e+00 2.300103042325658365e+01
4.990000000000000000e+02 1.147014188456740191e+00 2.294028376913480471e+01
5.000000000000000000e+02 1.199651167610046532e+00 2.399302335220092885e+01
5.010000000000000000e+02 1.195209670976142391e+00 2.390419341952284782e+01
5.020000000000000000e+02 1.216690691767470467e+00 2.433381383534941023e+01
5.030000000000000000e+02 1.208498331838647966e+00 2.416996663677295842e+01
5.040000000000000000e+02 1.157124439911067171e+00 2.314248879822134342e+01
5.050000000000000000e+02 1.205682107433043493e+00 2.411364214866086897e+01
5.060000000000000000e+02 1.223542086895369474e+00 2.447084173790738859e+01
5.070000000000000000e+02 1.191946965142899328e+00 2.383893930285798746e+01
5.080000000000000000e+02 1.219841921150680353e+00 2.439683842301360528e+01
5.090000000000000000e+02 1.193124322256717829e+00 2.386248644513435835e+01
5.100000000000000000e+02 1.314538755913122303e+00 2.629077511826244518e+01
5.110000000000000000e+02 1.210806813809683247e+00 2.421613627619366582e+01
5.120000000000000000e+02 1.311152145211038844e+00 2.622304290422077599e+01
5.130000000000000000e+02 1.252143407686322707e+00 2.504286815372645592e+01
5.140000000000000000e+02 1.232836975412247016e+00 2.465673950824493943e+01
5.150000000000000000e+02 1.280052157001442481e+00 2.560104314002884962e+01
5.160000000000000000e+02 1.292117436614170778e+00 2.584234873228341556e+01
5.170000000000000000e+02 1.298631203024694702e+00 2.597262406049389583e+01
5.180000000000000000e+02 1.290928050714865272e+00 2.581856101429730543e+01
5.190000000000000000e+02 1.308925743185418211e+00 2.617851486370836511e+01
5.200000000000000000e+02 1.282161687323323918e+00 2.564323374646647835e+01
5.210000000000000000e+02 1.301916526992489276e+00 2.603833053984978463e+01
5.220000000000000000e+02 1.300265696490730871e+00 2.600531392981461565e+01
5.230000000000000000e+02 1.288702839729773952e+00 2.577405679459548082e+01
5.240000000000000000e+02 1.321710981337694601e+00 2.643421962675389025e+01
5.250000000000000000e+02 1.290122180269618113e+00 2.580244360539236226e+01
5.260000000000000000e+02 1.303367735900042179e+00 2.606735471800084269e+01
5.270000000000000000e+02 1.349678785416485338e+00 2.699357570832970765e+01
5.280000000000000000e+02 1.356058619201260473e+00 2.712117238402520769e+01
5.290000000000000000e+02 1.311389154420158132e+00 2.622778308840316441e+01
5.300000000000000000e+02 1.316223484447017977e+00 2.632446968894036132e+01
5.310000000000000000e+02 1.321283907011666647e+00 2.642567814023333383e+01
5.320000000000000000e+02 1.314502296337370923e+00 2.629004592674741758e+01
5.330000000000000000e+02 1.323322638797139739e+00 2.646645277594279477e+01
5.340000000000000000e+02 1.305208308384810501e+00 2.610416616769621001e+01
5.350000000000000000e+02 1.323297213644219594e+00 2.646594427288439277e+01
5.360000000000000000e+02 1.378144986952555717e+00 2.756289973905111523e+01
5.370000000000000000e+02 1.340882234034104670e+00 2.681764468068209339e+01
5.380000000000000000e+02 1.334196545248051535e+00 2.668393090496103071e+01
5.390000000000000000e+02 1.367604156214018873e+00 2.735208312428037658e+01
5.400000000000000000e+02 1.326635186151313039e+00 2.653270372302625901e+01
5.410000000000000000e+02 1.373465186301557894e+00 2.746930372603115700e+01
5.420000000000000000e+02 1.341565987625910950e+00 2.683131975251821899e+01
5.430000000000000000e+02 1.327444402599072593e+00 2.654888805198145008e+01
5.440000000000000000e+02 1.320325846135079306e+00 2.640651692270158790e+01
5.450000000000000000e+02 1.310950795542578318e+00 2.621901591085156724e+01
5.460000000000000000e+02 1.368446568180484046e+00 2.736893136360968271e+01
5.470000000000000000e+02 1.333287272070374341e+00 2.666574544140748770e+01
5.480000000000000000e+02 1.348216836868661783e+00 2.696433673737323744e+01
5.490000000000000000e+02 1.357770607657244000e+00 2.715541215314487999e+01
5.500000000000000000e+02 1.360803477015060770e+00 2.721606954030121628e+01
5.510000000000000000e+02 1.342527765606469137e+00 2.685055531212938362e+01
5.520000000000000000e+02 1.381069270330147258e+00 2.762138540660294694e+01
5.530000000000000000e+02 1.362319244461607681e+00 2.724638488923215363e+01
5.540000000000000000e+02 1.410633961732976838e+00 2.821267923465953587e+01
5.550000000000000000e+02 1.396083876476917007e+00 2.792167752953833926e+01
5.560000000000000000e+02 1.377410797240136375e+00 2.754821594480272751e+01
5.570000000000000000e+02 1.349426634277543169e+00 2.698853268555086515e+01
5.580000000000000000e+02 1.348457474467258832e+00 2.696914948934517753e+01
5.590000000000000000e+02 1.359099007422600369e+00 2.718198014845200916e+01
5.600000000000000000e+02 1.362889504106973071e+00 2.725779008213946142e+01
5.610000000000000000e+02 1.420206740074111629e+00 2.840413480148223258e+01
5.620000000000000000e+02 1.398943819132402622e+00 2.797887638264805332e+01
5.630000000000000000e+02 1.372248122345537391e+00 2.744496244691074693e+01
5.640000000000000000e+02 1.415979251444088316e+00 2.831958502888176810e+01
5.650000000000000000e+02 1.404174406960155164e+00 2.808348813920310505e+01
5.660000000000000000e+02 1.398858861403430298e+00 2.797717722806860507e+01
5.670000000000000000e+02 1.398276391429967180e+00 2.796552782859934183e+01
5.680000000000000000e+02 1.368197116528396151e+00 2.736394233056792302e+01
5.690000000000000000e+02 1.441352772445158248e+00 2.882705544890316673e+01
5.700000000000000000e+02 1.434255463087023008e+00 2.868510926174046105e+01
5.710000000000000000e+02 1.455697957848970825e+00 2.911395915697941561e+01
5.720000000000000000e+02 1.501142644686432437e+00 3.002285289372864696e+01
5.730000000000000000e+02 1.452734040751196609e+00 2.905468081502393218e+01
5.740000000000000000e+02 1.439342050808562368e+00 2.878684101617124824e+01
5.750000000000000000e+02 1.495498966547830211e+00 2.990997933095660599e+01
5.760000000000000000e+02 1.444943561520564801e+00 2.889887123041129513e+01
5.770000000000000000e+02 1.425354493016550039e+00 2.850708986033099990e+01
5.780000000000000000e+02 1.440880731251394042e+00 2.881761462502788262e+01
5.790000000000000000e+02 1.440182496002461399e+00 2.880364992004922797e+01
5.800000000000000000e+02 1.455075764029286178e+00 2.910151528058572268e+01
5.810000000000000000e+02 1.435984948051221677e+00 2.871969896102443442e+01
5.820000000000000000e+02 1.446151383285914305e+00 2.892302766571828698e+01
5.830000000000000000e+02 1.465196059180714272e+00 2.930392118361428544e+01
5.840000000000000000e+02 1.459557432674811306e+00 2.919114865349622434e+01
5.850000000000000000e+02 1.447088455356854819e+00 2.894176910713709461e+01
5.860000000000000000e+02 1.462380362650196775e+00 2.924760725300393460e+01
5.870000000000000000e+02 1.440120394481162691e+00 2.880240788962325382e+01
5.880000000000000000e+02 1.438665003381967677e+00 2.877330006763935444e+01
5.890000000000000000e+02 1.475045193973467672e+00 2.950090387946935522e+01
5.900000000000000000e+02 1.434812045248275769e+00 2.869624090496551716e+01
5.910000000000000000e+02 1.470605077814453709e+00 2.941210155628907330e+01
5.920000000000000000e+02 1.483857002178255780e+00 2.967714004356511381e+01
5.930000000000000000e+02 1.485548056599592437e+00 2.971096113199184785e+01
5.940000000000000000e+02 1.398553585967904356e+00 2.797107171935808623e+01
5.950000000000000000e+02 1.460426240139111709e+00 2.920852480278223595e+01
5.960000000000000000e+02 1.430475043376456146e+00 2.860950086752912114e+01
5.970000000000000000e+02 1.526588855078999440e+00 3.053177710157998703e+01
5.980000000000000000e+02 1.512056280105307238e+00 3.024112560210614475e+01
5.990000000000000000e+02 1.470431268751254184e+00 2.940862537502508545e+01
6.000000000000000000e+02 1.494179637960473706e+00 2.988359275920947411e+01
6.010000000000000000e+02 1.522929491285433645e+00 3.045858982570867113e+01
6.020000000000000000e+02 1.493101825389575366e+00 2.986203650779150820e+01
6.030000000000000000e+02 1.476830795009169472e+00 2.953661590018338856e+01
6.040000000000000000e+02 1.516005056581589683e+00 3.032010113163179454e+01
6.050000000000000000e+02 1.470258122939006817e+00 2.940516245878013635e+01
6.060000000000000000e+02 1.474600383565145778e+00 2.949200767130291467e+01
6.070000000000000000e+02 1.464694266964701841e+00 2.929388533929403593e+01
6.080000000000000000e+02 1.539403550794821607e+00 3.078807101589643125e+01
6.090000000000000000e+02 1.519748372745266085e+00 3.039496745490531993e+01
6.100000000000000000e+02 1.518513218428271472e+00 3.037026436856542944e+01
6.110000000000000000e+02 1.496153468832084998e+00 2.992306937664169908e+01
6.120000000000000000e+02 1.508757518780645013e+00 3.017515037561290114e+01
6.130000000000000000e+02 1.479169221552002256e+00 2.958338443104004511e+01
6.140000000000000000e+02 1.479309209928020508e+00 2.958618419856041015e+01
6.150000000000000000e+02 1.503044094665060726e+00 3.006088189330121452e+01
6.160000000000000000e+02 1.574432314111508635e+00 3.148864628223017093e+01
6.170000000000000000e+02 1.643090255809892541e+00 3.286180511619784994e+01
6.180000000000000000e+02 1.550765378400640770e+00 3.101530756801281541e+01
6.190000000000000000e+02 1.601984095631240779e+00 3.203968191262481469e+01
6.200000000000000000e+02 1.591713647660123909e+00 3.183427295320247907e+01
6.210000000000000000e+02 1.604684366489750547e+00 3.209368732979501004e+01
6.220000000000000000e+02 1.568653973274760860e+00 3.137307946549521631e+01
6.230000000000000000e+02 1.603610669723843474e+00 3.207221339447686859e+01
6.240000000000000000e+02 1.616183264854594626e+00 3.232366529709189251e+01
6.250000000000000000e+02 1.613328159245537297e+00 3.226656318491074416e+01
6.260000000000000000e+02 1.612520497345305559e+00 3.225040994690611029e+01
6.270000000000000000e+02 1.577801488473662639e+00 3.155602976947325189e+01
6.280000000000000000e+02 1.592716423027618067e+00 3.185432846055236311e+01
6.290000000000000000e+02 1.612627287782319119e+00 3.225254575564638060e+01
6.300000000000000000e+02 1.662818990262834307e+00 3.325637980525668524e+01
6.310000000000000000e+02 1.643453060885750050e+00 3.286906121771500011e+01
6.320000000000000000e+02 1.703368683406272011e+00 3.406737366812544110e+01
6.330000000000000000e+02 1.689469579516083231e+00 3.378939159032166373e+01
6.340000000000000000e+02 1.710942288495215235e+00 3.421884576990430560e+01
6.350000000000000000e+02 1.723609157633370303e+00 3.447218315266740518e+01
6.360000000000000000e+02 1.717040466704701895e+00 3.434080933409403968e+01
6.370000000000000000e+02 1.722412766917989613e+00 3.444825533835979314e+01
6.380000000000000000e+02 1.686924025107176650e+00 3.373848050214353123e+01
6.390000000000000000e+02 1.704060386962806817e+00 3.408120773925613634e+01
6.400000000000000000e+02 1.735648432607820313e+00 3.471296865215640537e+01
6.410000000000000000e+02 1.654020886394442780e+00 3.308041772788885737e+01
6.420000000000000000e+02 1.701662562194194761e+00 3.403325124388389611e+01
6.430000000000000000e+02 1.691068772587783542e+00 3.382137545175567084e+01
6.440000000000000000e+02 1.735626337230530059e+00 3.471252674461059939e+01
6.450000000000000000e+02 1.670430737399185572e+00 3.340861474798371233e+01
6.460000000000000000e+02 1.712779201587206312e+00 3.425558403174412803e+01
6.470000000000000000e+02 1.714522241099757593e+00 3.429044482199515187e+01
6.480000000000000000e+02 1.704402326052692818e+00 3.408804652105385458e+01
6.490000000000000000e+02 1.733761697916939015e+00 3.467523395833877942e+01
6.500000000000000000e+02 1.779003425857087706e+00 3.558006851714175411e+01
6.510000000000000000e+02 1.750078115877173657e+00 3.500156231754347402e+01
6.520000000000000000e+02 1.769405580090726460e+00 3.538811160181452919e+01
6.530000000000000000e+02 1.786841117254908795e+00 3.573682234509817590e+01
6.540000000000000000e+02 1.761060740996842400e+00 3.522121481993684711e+01
6.550000000000000000e+02 1.760315048554637496e+00 3.520630097109275169e+01
6.560000000000000000e+02 1.772097244886390310e+00 3.544194489772780798e+01
6.570000000000000000e+02 1.742945370468119481e+00 3.485890740936238785e+01
6.580000000000000000e+02 1.773195576992186773e+00 3.546391153984373545e+01
6.590000000000000000e+02 1.781842173335311141e+00 3.563684346670622460e+01
6.600000000000000000e+02 1.716905429079283563e+00 3.433810858158567214e+01
6.610000000000000000e+02 1.733725714436551657e+00 3.467451428873103225e+01
6.620000000000000000e+02 1.789369032833021622e+00 3.578738065666043155e+01
6.630000000000000000e+02 1.805375742985908305e+00 3.610751485971816521e+01
6.640000000000000000e+02 1.811757595986022595e+00 3.623515191972045102e+01
6.650000000000000000e+02 1.811868349419808011e+00 3.623736698839616110e+01
6.660000000000000000e+02 1.804128630827862123e+00 3.608257261655724335e+01
6.670000000000000000e+02 1.828177979961809196e+00 3.656355959923618570e+01
6.680000000000000000e+02 1.829270747537863118e+00 3.658541495075726147e+01
6.690000000000000000e+02 1.818924335322046559e+00 3.637848670644093119e+01
6.700000000000000000e+02 1.796061877629003600e+00 3.592123755258007378e+01
6.710000000000000000e+02 1.810567829307981214e+00 3.621135658615962427e+01
6.720000000000000000e+02 1.786056958933466943e+00 3.572113917866933974e+01
6.730000000000000000e+02 1.779250757642160341e+00 3.558501515284320504e+01
6.740000000000000000e+02 1.826460103509277344e+00 3.652920207018554777e+01
6.750000000000000000e+02 1.810478120111495004e+00 3.620956240222989919e+01
6.760000000000000000e+02 1.817287690967753333e+00 3.634575381935506755e+01
6.770000000000000000e+02 1.739245013469463697e+00 3.478490026938927571e+01
6.780000000000000000e+02 1.742223335696081676e+00 3.484446671392163353e+01
6.790000000000000000e+02 1.833393806895869504e+00 3.666787613791738920e+01
6.800000000000000000e+02 1.793324964357039253e+00 3.586649928714078328e+01
6.810000000000000000e+02 1.795275057476084957e+00 3.590550114952169736e+01
6.820000000000000000e+02 1.789982907842200266e+00 3.579965815684400354e+01
6.830000000000000000e+02 1.782075728875696541e+00 3.564151457751393082e+01
6.840000000000000000e+02 1.845120110133136482e+00 3.690240220266272786e+01
6.850000000000000000e+02 1.858175695555569051e+00 3.716351391111138014e+01
6.860000000000000000e+02 1.810034733745973012e+00 3.620069467491946114e+01
6.870000000000000000e+02 1.827785672405964679e+00 3.655571344811929180e+01
6.880000000000000000e+02 1.783055490635350626e+00 3.566110981270701075e+01
6.890000000000000000e+02 1.780708862915406643e+00 3.561417725830813197e+01
6.900000000000000000e+02 1.810658640289453114e+00 3.621317280578906406e+01
6.910000000000000000e+02 1.776216769151597763e+00 3.552433538303195348e+01
6.920000000000000000e+02 1.825679075963414277e+00 3.651358151926828555e+01
6.930000000000000000e+02 1.846551600750564459e+00 3.693103201501129007e+01
6.940000000000000000e+02 1.841196508332406001e+00 3.682393016664811825e+01
6.950000000000000000e+02 1.816463410521639954e+00 3.632926821043280086e+01
6.960000000000000000e+02 1.884793817192849330e+00 3.769587634385698749e+01
6.970000000000000000e+02 1.863868659146633577e+00 3.727737318293267066e+01
6.980000000000000000e+02 1.838587719361649775e+00 3.677175438723299550e+01
6.990000000000000000e+02 1.849333411981773923e+00 3.698666823963547756e+01
7.000000000000000000e+02 1.863107106536023183e+00 3.726214213072046277e+01
7.010000000000000000e+02 1.882526078419167748e+00 3.765052156838335407e+01
7.020000000000000000e+02 1.862383590911784070e+00 3.724767181823568052e+01
7.030000000000000000e+02 1.902562405750394037e+00 3.805124811500787985e+01
7.040000000000000000e+02 1.864632763404247884e+00 3.729265526808495679e+01
7.050000000000000000e+02 1.903716367187267666e+00 3.807432734374535244e+01
7.060000000000000000e+02 1.902986939322949711e+00 3.805973878645899333e+01
7.070000000000000000e+02 1.903838851536467702e+00 3.807677703072935316e+01
7.080000000000000000e+02 1.840587356994221491e+00 3.681174713988443159e+01
7.090000000000000000e+02 1.892443605591481726e+00 3.784887211182963540e+01
7.100000000000000000e+02 1.874110248305363324e+00 3.748220496610726826e+01
7.110000000000000000e+02 1.944172002757046158e+00 3.888344005514092316e+01
7.120000000000000000e+02 1.898248649713240699e+00 3.796497299426481220e+01
7.130000000000000000e+02 1.922641487294737717e+00 3.845282974589475344e+01
7.140000000000000000e+02 1.921654319747453155e+00 3.843308639494906487e+01
7.150000000000000000e+02 1.899677489300803490e+00 3.799354978601606803e+01
7.160000000000000000e+02 1.883273986219621277e+00 3.766547972439242642e+01
7.170000000000000000e+02 1.931845613828696795e+00 3.863691227657393767e+01
7.180000000000000000e+02 1.894798160416178323e+00 3.789596320832356469e+01
7.190000000000000000e+02 1.910964217039136104e+00 3.821928434078272119e+01
7.200000000000000000e+02 1.877409694692957487e+00 3.754819389385914974e+01
7.210000000000000000e+02 1.905052159295133718e+00 3.810104318590267525e+01
7.220000000000000000e+02 1.891392725968445543e+00 3.782785451936891263e+01
7.230000000000000000e+02 1.876127128758444229e+00 3.752254257516888458e+01
7.240000000000000000e+02 1.864013228793199861e+00 3.728026457586399545e+01
7.250000000000000000e+02 1.945746275011645654e+00 3.891492550023291130e+01
7.260000000000000000e+02 1.913844904306068795e+00 3.827689808612137767e+01
7.270000000000000000e+02 1.925073179148971914e+00 3.850146358297944005e+01
7.280000000000000000e+02 1.908775268212723919e+00 3.817550536425447660e+01
7.290000000000000000e+02 1.863939872914910811e+00 3.727879745829821445e+01
7.300000000000000000e+02 1.897519082752652464e+00 3.795038165505305017e+01
7.310000000000000000e+02 1.887695215800797133e+00 3.775390431601594088e+01
7.320000000000000000e+02 1.884292519571149738e+00 3.768585039142299564e+01
7.330000000000000000e+02 1.891098109660269033e+00 3.782196219320537978e+01
7.340000000000000000e+02 1.916226718234361304e+00 3.832453436468722430e+01
7.350000000000000000e+02 1.916388126031107308e+00 3.832776252062214439e+01
7.360000000000000000e+02 1.938498875571645907e+00 3.876997751143291993e+01
7.370000000000000000e+02 1.861733955554468078e+00 3.723467911108936335e+01
7.380000000000000000e+02 1.930411370716682784e+00 3.860822741433365479e+01
7.390000000000000000e+02 1.899971108325281488e+00 3.799942216650563154e+01
7.400000000000000000e+02 1.900686177049288883e+00 3.801372354098577944e+01
7.410000000000000000e+02 1.890638449310583891e+00 3.781276898621167959e+01
7.420000000000000000e+02 1.877577016023394219e+00 3.755154032046788615e+01
7.430000000000000000e+02 1.933603684690222480e+00 3.867207369380444959e+01
7.440000000000000000e+02 1.927219611317581682e+00 3.854439222635163276e+01
7.450000000000000000e+02 1.912244146201383499e+00 3.824488292402767087e+01
7.460000000000000000e+02 1.919745615304912389e+00 3.839491230609824868e+01
7.470000000000000000e+02 1.879569686076067780e+00 3.759139372152135650e+01
7.480000000000000000e+02 1.888127213729194676e+00 3.776254427458389529e+01
7.490000000000000000e+02 1.921206831635777323e+00 3.842413663271554469e+01
7.500000000000000000e+02 1.887978607895455907e+00 3.775957215790911903e+01
7.510000000000000000e+02 1.938307395946097689e+00 3.876614791892195200e+01
7.520000000000000000e+02 1.982694910008329980e+00 3.965389820016660138e+01
7.530000000000000000e+02 1.994349232607448785e+00 3.988698465214897482e+01
7.540000000000000000e+02 2.004642161032871073e+00 4.009284322065742145e+01
7.550000000000000000e+02 2.001010491858087548e+00 4.002020983716175095e+01
7.560000000000000000e+02 1.980640396095674216e+00 3.961280792191348610e+01
7.570000000000000000e+02 2.011196116500307607e+00 4.022392233000615391e+01
7.580000000000000000e+02 1.998581682118307112e+00 3.997163364236614314e+01
7.590000000000000000e+02 1.998648562316503785e+00 3.997297124633007570e+01
7.600000000000000000e+02 1.993750117863721583e+00 3.987500235727443254e+01
7.610000000000000000e+02 1.981131397837804453e+00 3.962262795675609084e+01
7.620000000000000000e+02 1.981844593419154865e+00 3.963689186838309553e+01
7.630000000000000000e+02 2.029562196874660884e+00 4.059124393749321769e+01
7.640000000000000000e+02 1.997795195264467250e+00 3.995590390528934677e+01
7.650000000000000000e+02 2.020309496994836529e+00 4.040618993989673413e+01
7.660000000000000000e+02 1.967807961526412353e+00 3.935615923052824883e+01
7.670000000000000000e+02 2.026409368079442608e+00 4.052818736158884860e+01
7.680000000000000000e+02 2.020490086251643724e+00 4.040980172503287804e+01
7.690000000000000000e+02 1.999953623869712427e+00 3.999907247739425031e+01
7.700000000000000000e+02 1.992865498218215903e+00 3.985730996436431894e+01
7.710000000000000000e+02 1.981727846734116394e+00 3.963455693468232965e+01
7.720000000000000000e+02 2.048675663505726163e+00 4.097351327011452327e+01
7.730000000000000000e+02 2.079175153583713076e+00 4.158350307167426507e+01
7.740000000000000000e+02 2.088882795929591474e+00 4.177765591859183303e+01
7.750000000000000000e+02 2.049396402677944984e+00 4.098792805355890323e+01
7.760000000000000000e+02 2.091429979564031427e+00 4.182859959128062854e+01
7.770000000000000000e+02 2.110997741927581384e+00 4.221995483855162945e+01
7.780000000000000000e+02 2.130770123064838817e+00 4.261540246129677456e+01
7.790000000000000000e+02 2.086568069329387765e+00 4.173136138658775707e+01
7.800000000000000000e+02 2.109419786669130215e+00 4.218839573338260607e+01
7.810000000000000000e+02 2.071357401895129069e+00 4.142714803790258316e+01
7.820000000000000000e+02 2.112708612387828921e+00 4.225417224775657843e+01
7.830000000000000000e+02 2.088641000740090625e+00 4.177282001480181606e+01
7.840000000000000000e+02 2.127941781578249980e+00 4.255883563156499605e+01
7.850000000000000000e+02 2.125010496469535326e+00 4.250020992939070652e+01
7.860000000000000000e+02 2.046776119674348138e+00 4.093552239348696276e+01
7.870000000000000000e+02 2.079366982183669332e+00 4.158733964367338842e+01
7.880000000000000000e+02 2.076708427901870380e+00 4.153416855803740759e+01
7.890000000000000000e+02 2.080808522118385628e+00 4.161617044236771079e+01
7.900000000000000000e+02 2.088152845623891807e+00 4.176305691247783614e+01
7.910000000000000000e+02 2.093566836081355298e+00 4.187133672162710951e+01
7.920000000000000000e+02 2.083934307487258497e+00 4.167868614974516817e+01
7.930000000000000000e+02 2.108971653815375547e+00 4.217943307630751093e+01
7.940000000000000000e+02 2.157076505611704498e+00 4.314153011223408640e+01
7.950000000000000000e+02 2.087598803747556353e+00 4.175197607495112351e+01
7.960000000000000000e+02 2.087256035943786614e+00 4.174512071887573228e+01
7.970000000000000000e+02 2.088578852507699146e+00 4.177157705015397937e+01
7.980000000000000000e+02 2.084853479241663088e+00 4.169706958483325820e+01
7.990000000000000000e+02 2.113474046829831643e+00 4.226948093659663641e+01
8.000000000000000000e+02 2.166168533946952302e+00 4.332337067893904958e+01
8.010000000000000000e+02 2.191836696143734553e+00 4.383673392287469284e+01
8.020000000000000000e+02 2.163227648939751280e+00 4.326455297879502382e+01
8.030000000000000000e+02 2.144235340851095906e+00 4.288470681702191456e+01
8.040000000000000000e+02 2.133825169140811884e+00 4.267650338281623590e+01
8.050000000000000000e+02 2.131113778607784504e+00 4.262227557215569362e+01
8.060000000000000000e+02 2.091665269815795369e+00 4.183330539631590739e+01
8.070000000000000000e+02 2.162183638249990825e+00 4.324367276499981472e+01
8.080000000000000000e+02 2.188832064458756221e+00 4.377664128917512443e+01
8.090000000000000000e+02 2.204837066690659153e+00 4.409674133381318484e+01
8.100000000000000000e+02 2.187401945252064106e+00 4.374803890504128390e+01
8.110000000000000000e+02 2.245316777816211307e+00 4.490633555632422258e+01
8.120000000000000000e+02 2.239485572315991213e+00 4.478971144631982071e+01
8.130000000000000000e+02 2.226953514930006151e+00 4.453907029860012301e+01
8.140000000000000000e+02 2.257504053827154245e+00 4.515008107654308844e+01
8.150000000000000000e+02 2.232414139686365928e+00 4.464828279372731856e+01
8.160000000000000000e+02 2.238343800370899306e+00 4.476687600741798434e+01
8.170000000000000000e+02 2.278111466772066329e+00 4.556222933544133014e+01
8.180000000000000000e+02 2.264497732965469190e+00 4.528995465930938025e+01
8.190000000000000000e+02 2.275558006587395710e+00 4.551116013174791419e+01
8.200000000000000000e+02 2.326618955693031676e+00 4.653237911386063530e+01
8.210000000000000000e+02 2.344176616837248428e+00 4.688353233674497034e+01
8.220000000000000000e+02 2.303695523276625412e+00 4.607391046553250646e+01
8.230000000000000000e+02 2.290037180898837121e+00 4.580074361797674243e+01
8.240000000000000000e+02 2.310352282828707082e+00 4.620704565657413809e+01
8.250000000000000000e+02 2.278557193276395942e+00 4.557114386552792240e+01
8.260000000000000000e+02 2.297666966215745177e+00 4.595333932431490354e+01
8.270000000000000000e+02 2.306817816114840269e+00 4.613635632229680539e+01
8.280000000000000000e+02 2.329921959350125693e+00 4.659843918700251209e+01
8.290000000000000000e+02 2.308495752516845023e+00 4.616991505033689691e+01
8.300000000000000000e+02 2.234798577917101348e+00 4.469597155834202340e+01
8.310000000000000000e+02 2.302464832163131359e+00 4.604929664326262895e+01
8.320000000000000000e+02 2.316927578500541873e+00 4.633855157001083569e+01
8.330000000000000000e+02 2.298273979664367861e+00 4.596547959328735544e+01
8.340000000000000000e+02 2.317496634191044791e+00 4.634993268382089582e+01
8.350000000000000000e+02 2.291166636194547301e+00 4.582333272389094248e+01
8.360000000000000000e+02 2.351929905521338071e+00 4.703859811042676142e+01
8.370000000000000000e+02 2.360037001170556259e+00 4.720074002341112873e+01
8.380000000000000000e+02 2.398137723571926117e+00 4.796275447143852233e+01
8.390000000000000000e+02 2.314823798194211690e+00 4.629647596388423381e+01
8.400000000000000000e+02 2.329705420196001242e+00 4.659410840392002484e+01
8.410000000000000000e+02 2.370290711187257759e+00 4.740581422374515341e+01
8.420000000000000000e+02 2.325288941165718715e+00 4.650577882331437252e+01
8.430000000000000000e+02 2.289481748776591274e+00 4.578963497553182549e+01
8.440000000000000000e+02 2.358847024346397259e+00 4.717694048692794695e+01
8.450000000000000000e+02 2.374139429609237517e+00 4.748278859218474679e+01
8.460000000000000000e+02 2.372445767268005046e+00 4.744891534536009914e+01
8.470000000000000000e+02 2.299613303834310063e+00 4.599226607668619948e+01
8.480000000000000000e+02 2.353647983098892560e+00 4.707295966197784765e+01
8.490000000000000000e+02 2.368033656805926146e+00 4.736067313611852114e+01
8.500000000000000000e+02 2.386287091191791720e+00 4.772574182383583263e+01
8.510000000000000000e+02 2.343406322129582886e+00 4.686812644259165950e+01
8.520000000000000000e+02 2.343386991047118340e+00 4.686773982094236857e+01
8.530000000000000000e+02 2.358128230351218324e+00 4.716256460702436470e+01
8.540000000000000000e+02 2.341927521421306668e+00 4.683855042842613159e+01
8.550000000000000000e+02 2.379216080502389197e+00 4.758432161004778038e+01
8.560000000000000000e+02 2.389298375091319038e+00 4.778596750182638431e+01
8.570000000000000000e+02 2.389685772819077236e+00 4.779371545638154117e+01
8.580000000000000000e+02 2.396787862887399978e+00 4.793575725774800134e+01
8.590000000000000000e+02 2.359312329169593880e+00 4.718624658339187761e+01
8.600000000000000000e+02 2.388434471489912170e+00 4.776868942979824340e+01
8.610000000000000000e+02 2.293057572739896965e+00 4.586115145479794108e+01
8.620000000000000000e+02 2.312870059155577085e+00 4.625740118311153992e+01
8.630000000000000000e+02 2.318848996527262507e+00 4.637697993054524659e+01
8.640000000000000000e+02 2.344894231135843832e+00 4.689788462271688019e+01
8.650000000000000000e+02 2.322525963394740156e+00 4.645051926789480490e+01
8.660000000000000000e+02 2.362040779035893046e+00 4.724081558071785736e+01
8.670000000000000000e+02 2.334824729494750173e+00 4.669649458989500346e+01
8.680000000000000000e+02 2.329107359576583214e+00 4.658214719153166072e+01
8.690000000000000000e+02 2.379326985978135856e+00 4.758653971956271533e+01
8.700000000000000000e+02 2.361005815858549628e+00 4.722011631717099078e+01
8.710000000000000000e+02 2.374642946969853341e+00 4.749285893939706682e+01
8.720000000000000000e+02 2.344134279193077042e+00 4.688268558386154439e+01
8.730000000000000000e+02 2.343633824333471782e+00 4.687267648666943387e+01
8.740000000000000000e+02 2.387836216949915435e+00 4.775672433899831049e+01
8.750000000000000000e+02 2.385355860393715055e+00 4.770711720787429755e+01
8.760000000000000000e+02 2.339090216842362402e+00 4.678180433684725159e+01
8.770000000000000000e+02 2.316983896681283461e+00 4.633967793362567278e+01
8.780000000000000000e+02 2.319675729571141876e+00 4.639351459142283574e+01
8.790000000000000000e+02 2.327602077454015372e+00 4.655204154908030745e+01
8.800000000000000000e+02 2.285859794977869175e+00 4.571719589955738172e+01
8.810000000000000000e+02 2.340814187033777749e+00 4.681628374067555853e+01
8.820000000000000000e+02 2.365169543505779792e+00 4.730339087011559940e+01
8.830000000000000000e+02 2.354574749928930011e+00 4.709149499857860377e+01
8.840000000000000000e+02 2.359437761755594831e+00 4.718875523511189840e+01
8.850000000000000000e+02 2.362778360047180559e+00 4.725556720094360941e+01
8.860000000000000000e+02 2.412398254978639134e+00 4.824796509957278090e+01
8.870000000000000000e+02 2.424750894190689898e+00 4.849501788381379441e+01
8.880000000000000000e+02 2.413549268173103002e+00 4.827098536346206004e+01
8.890000000000000000e+02 2.402615690447931218e+00 4.805231380895862259e+01
8.900000000000000000e+02 2.377678190012551873e+00 4.755356380025104102e+01
8.910000000000000000e+02 2.457080332388897226e+00 4.914160664777794807e+01
8.920000000000000000e+02 2.409797814523074955e+00 4.819595629046150265e+01
8.930000000000000000e+02 2.489466495511242439e+00 4.978932991022485055e+01
8.940000000000000000e+02 2.496340765270453232e+00 4.992681530540906465e+01
8.950000000000000000e+02 2.500746844569254890e+00 5.001493689138509779e+01
8.960000000000000000e+02 2.515364160196895682e+00 5.030728320393791364e+01
8.970000000000000000e+02 2.491014088385606673e+00 4.982028176771213168e+01
8.980000000000000000e+02 2.477658710500310058e+00 4.955317421000619760e+01
8.990000000000000000e+02 2.515420605242025598e+00 5.030841210484051373e+01
9.000000000000000000e+02 2.489866405252864290e+00 4.979732810505728935e+01
9.010000000000000000e+02 2.519714106664843634e+00 5.039428213329686912e+01
9.020000000000000000e+02 2.507675593998283770e+00 5.015351187996567717e+01
9.030000000000000000e+02 2.483420735391287160e+00 4.966841470782573964e+01
9.040000000000000000e+02 2.475882826110627377e+00 4.951765652221254754e+01
9.050000000000000000e+02 2.481651216778670843e+00 4.963302433557341686e+01
9.060000000000000000e+02 2.523426421568535805e+00 5.046852843137071432e+01
9.070000000000000000e+02 2.501841440835392394e+00 5.003682881670784610e+01
9.080000000000000000e+02 2.456432102780824689e+00 4.912864205561649555e+01
9.090000000000000000e+02 2.537175007701181428e+00 5.074350015402362857e+01
9.100000000000000000e+02 2.531541530042331178e+00 5.063083060084662179e+01
9.110000000000000000e+02 2.528062051200786975e+00 5.056124102401573595e+01
9.120000000000000000e+02 2.515115172767353080e+00 5.030230345534705805e+01
9.130000000000000000e+02 2.502555510668086569e+00 5.005111021336173138e+01
9.140000000000000000e+02 2.500107903584924074e+00 5.000215807169848148e+01
9.150000000000000000e+02 2.474044692933898837e+00 4.948089385867798029e+01
9.160000000000000000e+02 2.488397189500886508e+00 4.976794379001773194e+01
9.170000000000000000e+02 2.502936162556690824e+00 5.005872325113381294e+01
9.180000000000000000e+02 2.447153727080910279e+00 4.894307454161820914e+01
9.190000000000000000e+02 2.471020097419981632e+00 4.942040194839962908e+01
9.200000000000000000e+02 2.498686273497046528e+00 4.997372546994093057e+01
9.210000000000000000e+02 2.516844454603202497e+00 5.033688909206404816e+01
9.220000000000000000e+02 2.516244671395668320e+00 5.032489342791336639e+01
9.230000000000000000e+02 2.517668704053316553e+00 5.035337408106632751e+01
9.240000000000000000e+02 2.540066115604096897e+00 5.080132231208193616e+01
9.250000000000000000e+02 2.510586911617023187e+00 5.021173823234046552e+01
9.260000000000000000e+02 2.507036997399081368e+00 5.014073994798162914e+01
9.270000000000000000e+02 2.517465791948709342e+00 5.034931583897418506e+01
9.280000000000000000e+02 2.478668193295003430e+00 4.957336386590007038e+01
9.290000000000000000e+02 2.490828376308425796e+00 4.981656752616851946e+01
9.300000000000000000e+02 2.499964347676646437e+00 4.999928695353293051e+01
9.310000000000000000e+02 2.547370516041429944e+00 5.094741032082860244e+01
9.320000000000000000e+02 2.531719807492474938e+00 5.063439614984950055e+01
9.330000000000000000e+02 2.443491425110511095e+00 4.886982850221021835e+01
9.340000000000000000e+02 2.512070312687173512e+00 5.024140625374347024e+01
9.350000000000000000e+02 2.455903037065999328e+00 4.911806074131998656e+01
9.360000000000000000e+02 2.477405779905168082e+00 4.954811559810336519e+01
9.370000000000000000e+02 2.501405965723785929e+00 5.002811931447571681e+01
9.380000000000000000e+02 2.483109612379952313e+00 4.966219224759904449e+01
9.390000000000000000e+02 2.529360046083909186e+00 5.058720092167818194e+01
9.400000000000000000e+02 2.547266478634525377e+00 5.094532957269051110e+01
9.410000000000000000e+02 2.553012717412472821e+00 5.106025434824945819e+01
9.420000000000000000e+02 2.454820509896684655e+00 4.909641019793369310e+01
9.430000000000000000e+02 2.493890767592953139e+00 4.987781535185906279e+01
9.440000000000000000e+02 2.461408795791921733e+00 4.922817591583843466e+01
9.450000000000000000e+02 2.513404218919092159e+00 5.026808437838184318e+01
9.460000000000000000e+02 2.533037486245844683e+00 5.066074972491689010e+01
9.470000000000000000e+02 2.517160842143820965e+00 5.034321684287641574e+01
9.480000000000000000e+02 2.488163805281610408e+00 4.976327610563220816e+01
9.490000000000000000e+02 2.494542455854316110e+00 4.989084911708632575e+01
9.500000000000000000e+02 2.484666517512849282e+00 4.969333035025698564e+01
9.510000000000000000e+02 2.485630462331910540e+00 4.971260924663820902e+01
9.520000000000000000e+02 2.499167328371814101e+00 4.998334656743627846e+01
9.530000000000000000e+02 2.497890966579264127e+00 4.995781933158528432e+01
9.540000000000000000e+02 2.476121340124888714e+00 4.952242680249777607e+01
9.550000000000000000e+02 2.494000581266179406e+00 4.988001162532358990e+01
9.560000000000000000e+02 2.523537581987728373e+00 5.047075163975456746e+01
9.570000000000000000e+02 2.477794781977879612e+00 4.955589563955759047e+01
9.580000000000000000e+02 2.452650553526100730e+00 4.905301107052201104e+01
9.590000000000000000e+02 2.556505368773435372e+00 5.113010737546871098e+01
9.600000000000000000e+02 2.492400906969501229e+00 4.984801813939002102e+01
9.610000000000000000e+02 2.467751927615721375e+00 4.935503855231442571e+01
9.620000000000000000e+02 2.542810942140798058e+00 5.085621884281596294e+01
9.630000000000000000e+02 2.536669294874894565e+00 5.073338589749788952e+01
9.640000000000000000e+02 2.489542944216945664e+00 4.979085888433890972e+01
9.650000000000000000e+02 2.530931626686583780e+00 5.061863253373167737e+01
9.660000000000000000e+02 2.460588111373642750e+00 4.921176222747285323e+01
9.670000000000000000e+02 2.521368628761389896e+00 5.042737257522779970e+01
9.680000000000000000e+02 2.494890213225692044e+00 4.989780426451383732e+01
9.690000000000000000e+02 2.481230482059026521e+00 4.962460964118052686e+01
9.700000000000000000e+02 2.581664683514031999e+00 5.163329367028063643e+01
9.710000000000000000e+02 2.502253401255534193e+00 5.004506802511068031e+01
9.720000000000000000e+02 2.508846242661822323e+00 5.017692485323645002e+01
9.730000000000000000e+02 2.590996244951006222e+00 5.181992489902012267e+01
9.740000000000000000e+02 2.537908797606622358e+00 5.075817595213244715e+01
9.750000000000000000e+02 2.538869270837614156e+00 5.077738541675228134e+01
9.760000000000000000e+02 2.547214739628664848e+00 5.094429479257329518e+01
9.770000000000000000e+02 2.532168601985143930e+00 5.064337203970288215e+01
9.780000000000000000e+02 2.550028160723671888e+00 5.100056321447343777e+01
9.790000000000000000e+02 2.527668811774309354e+00 5.055337623548619064e+01
9.800000000000000000e+02 2.529469833733920758e+00 5.058939667467841161e+01
9.810000000000000000e+02 2.529421842991639302e+00 5.058843685983278249e+01
9.820000000000000000e+02 2.568088627858618800e+00 5.136177255717237955e+01
9.830000000000000000e+02 2.545465529316612852e+00 5.090931058633226058e+01
9.840000000000000000e+02 2.492168887380331377e+00 4.984337774760663109e+01
9.850000000000000000e+02 2.570634843121735180e+00 5.141269686243470716e+01
9.860000000000000000e+02 2.584230946133152962e+00 5.168461892266305568e+01
9.870000000000000000e+02 2.529030616787784957e+00 5.058061233575570270e+01
9.880000000000000000e+02 2.545439622121866030e+00 5.090879244243732415e+01
9.890000000000000000e+02 2.572363976807404029e+00 5.144727953614808058e+01
9.900000000000000000e+02 2.542470307611813585e+00 5.084940615223626992e+01
9.910000000000000000e+02 2.520642461550997471e+00 5.041284923101994764e+01
9.920000000000000000e+02 2.575730124312053615e+00 5.151460248624107408e+01
9.930000000000000000e+02 2.567135307966593949e+00 5.134270615933187543e+01
9.940000000000000000e+02 2.553919374229287609e+00 5.107838748458575395e+01
9.950000000000000000e+02 2.593579397651713414e+00 5.187158795303426473e+01
9.960000000000000000e+02 2.584161177673985232e+00 5.168322355347970642e+01
9.970000000000000000e+02 2.551619603767361077e+00 5.103239207534722510e+01
9.980000000000000000e+02 2.558147012914041341e+00 5.116294025828082681e+01
9.990000000000000000e+02 2.547744401576498952e+00 5.095488803152997548e+01
